"Date","Year","Month","Temp","Prec"
1961-01-01,1961,1,-4.410728931427,23.830265045166
1961-02-01,1961,2,0.162961110472679,44.3291053771973
1961-03-01,1961,3,1.81200861930847,36.2634773254395
1961-04-01,1961,4,7.40694761276245,56.3105354309082
1961-05-01,1961,5,6.10349798202515,58.0847015380859
1961-06-01,1961,6,12.275276184082,121.137908935547
1961-07-01,1961,7,11.4781541824341,18.8137321472168
1961-08-01,1961,8,12.3253870010376,45.3802108764648
1961-09-01,1961,9,12.8344507217407,26.7791557312012
1961-10-01,1961,10,6.13135147094727,32.3505592346191
1961-11-01,1961,11,0.123420611023903,31.9024105072021
1961-12-01,1961,12,-4.00087451934814,50.2624969482422
1962-01-01,1962,1,-3.5885865688324,67.4994659423828
1962-02-01,1962,2,-5.50443744659424,76.5886459350586
1962-03-01,1962,3,-4.80206108093262,51.5806427001953
1962-04-01,1962,4,4.10311651229858,41.9372291564941
1962-05-01,1962,5,5.14239263534546,146.937301635742
1962-06-01,1962,6,9.53492450714111,38.3658218383789
1962-07-01,1962,7,11.2528619766235,68.8382034301758
1962-08-01,1962,8,13.149528503418,37.9576454162598
1962-09-01,1962,9,8.50353527069092,75.178337097168
1962-10-01,1962,10,5.15999221801758,21.096794128418
1962-11-01,1962,11,-1.23889541625977,37.8777084350586
1962-12-01,1962,12,-6.92308568954468,53.0073204040527
1963-01-01,1963,1,-10.4429168701172,39.3143043518066
1963-02-01,1963,2,-8.87926197052002,19.3258266448975
1963-03-01,1963,3,-1.15643525123596,45.2987251281738
1963-04-01,1963,4,3.87011790275574,26.1052474975586
1963-05-01,1963,5,7.54483032226562,88.9378128051758
1963-06-01,1963,6,11.8955631256104,148.389465332031
1963-07-01,1963,7,13.9517860412598,54.5661773681641
1963-08-01,1963,8,12.2488594055176,89.9313278198242
1963-09-01,1963,9,10.0993576049805,61.5051727294922
1963-10-01,1963,10,4.24770593643188,18.8553161621094
1963-11-01,1963,11,3.20061898231506,89.7751846313477
1963-12-01,1963,12,-6.73335361480713,9.59696483612061
1964-01-01,1964,1,-5.9385027885437,7.35908985137939
1964-02-01,1964,2,-3.7688627243042,20.9805088043213
1964-03-01,1964,3,-4.4747896194458,47.7990646362305
1964-04-01,1964,4,4.3486967086792,51.803825378418
1964-05-01,1964,5,8.56155300140381,66.1506195068359
1964-06-01,1964,6,13.1506652832031,82.5175628662109
1964-07-01,1964,7,13.8531293869019,73.9150695800781
1964-08-01,1964,8,11.3219270706177,146.050003051758
1964-09-01,1964,9,9.10174942016602,29.4015693664551
1964-10-01,1964,10,2.86264491081238,122.13948059082
1964-11-01,1964,11,0.427226603031158,63.4878845214844
1964-12-01,1964,12,-3.62497234344482,54.6315116882324
1965-01-01,1965,1,-2.79530787467957,56.3366546630859
1965-02-01,1965,2,-7.95444250106812,72.5321502685547
1965-03-01,1965,3,-2.2655291557312,53.6851654052734
1965-04-01,1965,4,1.81709313392639,81.6721725463867
1965-05-01,1965,5,5.85047245025635,153.753753662109
1965-06-01,1965,6,11.2761240005493,122.128578186035
1965-07-01,1965,7,11.2128915786743,110.944602966309
1965-08-01,1965,8,10.819263458252,63.5758628845215
1965-09-01,1965,9,8.66684246063232,56.8244590759277
1965-10-01,1965,10,4.81760549545288,10.2330131530762
1965-11-01,1965,11,-2.37430500984192,59.4964218139648
1965-12-01,1965,12,-2.01721715927124,99.4535369873047
1966-01-01,1966,1,-7.29522657394409,42.3677940368652
1966-02-01,1966,2,1.61254870891571,42.8314094543457
1966-03-01,1966,3,-1.95952808856964,65.3848342895508
1966-04-01,1966,4,4.81651973724365,84.0765609741211
1966-05-01,1966,5,8.24092769622803,46.6821479797363
1966-06-01,1966,6,12.1488399505615,188.021591186523
1966-07-01,1966,7,11.803882598877,148.634460449219
1966-08-01,1966,8,11.1799345016479,158.509658813477
1966-09-01,1966,9,9.39008712768555,37.9538879394531
1966-10-01,1966,10,7.85935974121094,46.0862808227539
1966-11-01,1966,11,-1.78190183639526,46.7095069885254
1966-12-01,1966,12,-3.09670877456665,141.958267211914
1967-01-01,1967,1,-3.85872793197632,58.167121887207
1967-02-01,1967,2,-2.55316591262817,57.759578704834
1967-03-01,1967,3,0.0397352166473866,65.1441345214844
1967-04-01,1967,4,1.92288851737976,41.5179290771484
1967-05-01,1967,5,7.85001039505005,101.808097839355
1967-06-01,1967,6,10.8592195510864,64.0938186645508
1967-07-01,1967,7,14.8291244506836,58.4872665405273
1967-08-01,1967,8,11.9945154190063,80.8985061645508
1967-09-01,1967,9,9.75506687164307,99.4170455932617
1967-10-01,1967,10,7.42990970611572,31.8642330169678
1967-11-01,1967,11,-0.0831933170557022,29.1092090606689
1967-12-01,1967,12,-4.27037382125854,87.0165023803711
1968-01-01,1968,1,-5.54418230056763,65.7585678100586
1968-02-01,1968,2,-3.08227968215942,10.4714221954346
1968-03-01,1968,3,-0.616273105144501,34.710018157959
1968-04-01,1968,4,3.94928908348083,37.8568801879883
1968-05-01,1968,5,6.80835723876953,66.3224029541016
1968-06-01,1968,6,11.4497718811035,83.1839294433594
1968-07-01,1968,7,11.8713407516479,50.8029327392578
1968-08-01,1968,8,11.7028007507324,141.786331176758
1968-09-01,1968,9,8.75110626220703,67.8749008178711
1968-10-01,1968,10,6.06590557098389,19.8753395080566
1968-11-01,1968,11,0.173951208591461,19.8365917205811
1968-12-01,1968,12,-5.62347841262817,26.0547161102295
1969-01-01,1969,1,-2.35439920425415,32.3197479248047
1969-02-01,1969,2,-5.78190517425537,35.1658630371094
1969-03-01,1969,3,-3.30818557739258,47.9979286193848
1969-04-01,1969,4,2.12779211997986,47.5019798278809
1969-05-01,1969,5,9.70279884338379,46.7780952453613
1969-06-01,1969,6,10.1979742050171,181.756698608398
1969-07-01,1969,7,14.0223026275635,26.0890483856201
1969-08-01,1969,8,11.3831844329834,83.0151138305664
1969-09-01,1969,9,9.6970100402832,64.921012878418
1969-10-01,1969,10,6.71607780456543,5.5687255859375
1969-11-01,1969,11,0.804290413856506,85.1506195068359
1969-12-01,1969,12,-7.72326374053955,25.9118099212646
1970-01-01,1970,1,-4.62509918212891,12.7740335464478
1970-02-01,1970,2,-5.1373553276062,151.886093139648
1970-03-01,1970,3,-3.23049974441528,67.1747817993164
1970-04-01,1970,4,0.948270440101624,57.1469421386719
1970-05-01,1970,5,5.51705026626587,72.8339767456055
1970-06-01,1970,6,12.2970247268677,74.2359619140625
1970-07-01,1970,7,12.6366014480591,64.0357437133789
1970-08-01,1970,8,12.5442018508911,105.971267700195
1970-09-01,1970,9,9.41315937042236,44.2819290161133
1970-10-01,1970,10,4.3736777305603,75.2471618652344
1970-11-01,1970,11,2.3444836139679,31.7415142059326
1970-12-01,1970,12,-4.16622352600098,40.8216896057129
1971-01-01,1971,1,-4.10943222045898,3.49671316146851
1971-02-01,1971,2,-4.58334302902222,25.1754322052002
1971-03-01,1971,3,-4.09538698196411,36.2418327331543
1971-04-01,1971,4,4.12280988693237,30.4871196746826
1971-05-01,1971,5,9.69594955444336,58.1747093200684
1971-06-01,1971,6,9.53827571868896,92.7192306518555
1971-07-01,1971,7,14.1153926849365,30.9015045166016
1971-08-01,1971,8,14.4715690612793,97.4981155395508
1971-09-01,1971,9,7.22968769073486,70.071662902832
1971-10-01,1971,10,4.80280876159668,20.5139274597168
1971-11-01,1971,11,-0.545416533946991,73.6667938232422
1971-12-01,1971,12,-0.715051770210266,27.59983253479
1972-01-01,1972,1,-6.1158709526062,15.5267791748047
1972-02-01,1972,2,-1.72108089923859,21.576976776123
1972-03-01,1972,3,0.886277377605438,34.2807693481445
1972-04-01,1972,4,2.36219215393066,97.0750045776367
1972-05-01,1972,5,6.97928380966187,83.5824127197266
1972-06-01,1972,6,11.2973442077637,66.0341186523438
1972-07-01,1972,7,13.6636209487915,115.476142883301
1972-08-01,1972,8,11.8670692443848,49.3377914428711
1972-09-01,1972,9,6.2597770690918,48.6472816467285
1972-10-01,1972,10,2.1243417263031,19.6111183166504
1972-11-01,1972,11,-0.0437230207026005,48.8486137390137
1972-12-01,1972,12,-2.26296997070312,5.8398871421814
1973-01-01,1973,1,-3.49600648880005,24.3919715881348
1973-02-01,1973,2,-4.06520652770996,47.6756362915039
1973-03-01,1973,3,-1.11849784851074,25.6985893249512
1973-04-01,1973,4,0.172531023621559,54.3995208740234
1973-05-01,1973,5,8.32473087310791,50.4945373535156
1973-06-01,1973,6,11.384804725647,153.182464599609
1973-07-01,1973,7,12.4440584182739,86.6403274536133
1973-08-01,1973,8,13.971791267395,16.0545310974121
1973-09-01,1973,9,10.6729421615601,36.0945358276367
1973-10-01,1973,10,2.97153997421265,36.4794502258301
1973-11-01,1973,11,-1.43089771270752,70.6647491455078
1973-12-01,1973,12,-4.77249908447266,60.4718742370605
1974-01-01,1974,1,-0.222669720649719,34.1797561645508
1974-02-01,1974,2,-1.52852916717529,54.3465003967285
1974-03-01,1974,3,1.72610998153687,19.8134517669678
1974-04-01,1974,4,2.77261853218079,48.6820793151855
1974-05-01,1974,5,6.64453744888306,138.445556640625
1974-06-01,1974,6,9.31638431549072,134.189819335938
1974-07-01,1974,7,11.3364515304565,146.860748291016
1974-08-01,1974,8,13.8090448379517,106.843124389648
1974-09-01,1974,9,9.20448780059814,63.129508972168
1974-10-01,1974,10,0.0805418342351913,93.6326446533203
1974-11-01,1974,11,-0.526992857456207,44.1785163879395
1974-12-01,1974,12,-0.348621517419815,127.592056274414
1975-01-01,1975,1,-0.341067045927048,38.3957481384277
1975-02-01,1975,2,-3.04542756080627,15.3045425415039
1975-03-01,1975,3,-0.425852924585342,84.0891647338867
1975-04-01,1975,4,2.11363840103149,52.360668182373
1975-05-01,1975,5,7.99232912063599,88.8713226318359
1975-06-01,1975,6,9.99855995178223,168.28742980957
1975-07-01,1975,7,13.6969842910767,119.651763916016
1975-08-01,1975,8,13.4695196151733,93.4686126708984
1975-09-01,1975,9,12.4100933074951,40.7089462280273
1975-10-01,1975,10,4.59802579879761,56.529956817627
1975-11-01,1975,11,-1.38822162151337,54.4025344848633
1975-12-01,1975,12,-3.73010897636414,28.0596199035645
1976-01-01,1976,1,-3.7360897064209,165.145294189453
1976-02-01,1976,2,-2.60983443260193,10.4064645767212
1976-03-01,1976,3,-3.99157047271729,15.1709442138672
1976-04-01,1976,4,2.36127066612244,57.1443710327148
1976-05-01,1976,5,8.33735275268555,64.3783645629883
1976-06-01,1976,6,12.6559267044067,35.1111335754395
1976-07-01,1976,7,14.866174697876,184.129028320312
1976-08-01,1976,8,10.4224796295166,56.365779876709
1976-09-01,1976,9,8.10702037811279,40.6389389038086
1976-10-01,1976,10,6.45709943771362,48.5031471252441
1976-11-01,1976,11,0.318574368953705,77.0487289428711
1976-12-01,1976,12,-5.54990911483765,46.2426109313965
1977-01-01,1977,1,-3.13698887825012,42.5141296386719
1977-02-01,1977,2,-1.09464204311371,60.6034965515137
1977-03-01,1977,3,2.19828391075134,56.7262344360352
1977-04-01,1977,4,1.26633954048157,71.0019302368164
1977-05-01,1977,5,7.80123233795166,32.5014801025391
1977-06-01,1977,6,11.9287910461426,96.7160568237305
1977-07-01,1977,7,12.8040046691895,152.270034790039
1977-08-01,1977,8,12.0236129760742,141.242660522461
1977-09-01,1977,9,7.41472482681274,64.153190612793
1977-10-01,1977,10,6.68268394470215,25.9998149871826
1977-11-01,1977,11,0.152566865086555,110.967376708984
1977-12-01,1977,12,-1.55764746665955,82.4753341674805
1978-01-01,1978,1,-3.87305116653442,54.8413009643555
1978-02-01,1978,2,-5.50220727920532,23.3970985412598
1978-03-01,1978,3,0.133618324995041,50.7504272460938
1978-04-01,1978,4,1.61945474147797,34.7012405395508
1978-05-01,1978,5,6.14565658569336,87.3254776000977
1978-06-01,1978,6,10.0424642562866,116.934341430664
1978-07-01,1978,7,11.2116022109985,97.4346923828125
1978-08-01,1978,8,10.5375776290894,80.0109786987305
1978-09-01,1978,9,8.24157047271729,64.5210266113281
1978-10-01,1978,10,4.93411874771118,46.5784568786621
1978-11-01,1978,11,1.34354948997498,22.5647602081299
1978-12-01,1978,12,-2.81495833396912,97.1805648803711
1979-01-01,1979,1,-7.7493691444397,42.4412155151367
1979-02-01,1979,2,-4.32066440582275,51.132080078125
1979-03-01,1979,3,-0.155427515506744,109.31177520752
1979-04-01,1979,4,1.1906806230545,86.8055648803711
1979-05-01,1979,5,8.57728481292725,29.6306552886963
1979-06-01,1979,6,13.2797164916992,198.714172363281
1979-07-01,1979,7,10.9109315872192,66.7680206298828
1979-08-01,1979,8,11.5666093826294,119.363311767578
1979-09-01,1979,9,9.09876346588135,97.6137313842773
1979-10-01,1979,10,4.6584038734436,22.0421276092529
1979-11-01,1979,11,-1.04103600978851,90.7226791381836
1979-12-01,1979,12,-0.2115578353405,104.434478759766
1980-01-01,1980,1,-5.5949912071228,48.9491348266602
1980-02-01,1980,2,-1.98133742809296,50.5555953979492
1980-03-01,1980,3,-1.60444021224976,41.6653861999512
1980-04-01,1980,4,0.109830379486084,118.570892333984
1980-05-01,1980,5,5.11644554138184,36.7201690673828
1980-06-01,1980,6,10.2423944473267,125.056480407715
1980-07-01,1980,7,10.6698045730591,158.44255065918
1980-08-01,1980,8,12.7131481170654,52.7317886352539
1980-09-01,1980,9,9.72800350189209,28.6995620727539
1980-10-01,1980,10,3.37230777740479,68.6387329101562
1980-11-01,1980,11,-1.68498301506042,48.7829360961914
1980-12-01,1980,12,-4.25649309158325,38.9756202697754
1981-01-01,1981,1,-6.37799692153931,96.3712005615234
1981-02-01,1981,2,-5.08827638626099,25.5160236358643
1981-03-01,1981,3,2.72458505630493,45.3430366516113
1981-04-01,1981,4,3.2690954208374,24.6559429168701
1981-05-01,1981,5,8.70238304138184,57.9302024841309
1981-06-01,1981,6,11.712513923645,38.4196739196777
1981-07-01,1981,7,12.2553014755249,187.985855102539
1981-08-01,1981,8,12.5393228530884,71.9198684692383
1981-09-01,1981,9,9.96452045440674,67.7320709228516
1981-10-01,1981,10,4.12334632873535,132.243194580078
1981-11-01,1981,11,-0.219820857048035,68.2338180541992
1981-12-01,1981,12,-5.57128572463989,112.179077148438
1982-01-01,1982,1,-4.31794881820679,64.5140151977539
1982-02-01,1982,2,-4.54775714874268,15.0260438919067
1982-03-01,1982,3,-0.533046364784241,51.408618927002
1982-04-01,1982,4,0.326373130083084,25.0069561004639
1982-05-01,1982,5,8.67726707458496,31.6219730377197
1982-06-01,1982,6,12.4846200942993,81.7218856811523
1982-07-01,1982,7,14.3721570968628,142.031311035156
1982-08-01,1982,8,13.2503089904785,131.852783203125
1982-09-01,1982,9,12.3834505081177,26.9274883270264
1982-10-01,1982,10,5.69409036636353,27.5473499298096
1982-11-01,1982,11,2.06600475311279,28.5554180145264
1982-12-01,1982,12,-1.20804727077484,99.8054351806641
1983-01-01,1983,1,-0.809112906455994,71.5842819213867
1983-02-01,1983,2,-6.78907823562622,37.5264778137207
1983-03-01,1983,3,-0.032354898750782,27.9743976593018
1983-04-01,1983,4,4.75221490859985,69.8096618652344
1983-05-01,1983,5,8.54487895965576,66.7431869506836
1983-06-01,1983,6,11.9539136886597,103.60912322998
1983-07-01,1983,7,17.16455078125,24.3837127685547
1983-08-01,1983,8,13.4307527542114,108.993072509766
1983-09-01,1983,9,9.96375274658203,29.3852386474609
1983-10-01,1983,10,4.79569101333618,29.9099826812744
1983-11-01,1983,11,-0.734168469905853,51.5674858093262
1983-12-01,1983,12,-3.57257390022278,28.3364124298096
1984-01-01,1984,1,-4.22198629379272,96.962760925293
1984-02-01,1984,2,-5.58649635314941,82.3808898925781
1984-03-01,1984,3,-3.15090394020081,22.2460231781006
1984-04-01,1984,4,1.58137583732605,43.6473197937012
1984-05-01,1984,5,6.56604909896851,88.4906921386719
1984-06-01,1984,6,10.1752471923828,50.8077621459961
1984-07-01,1984,7,12.6569442749023,75.2416763305664
1984-08-01,1984,8,12.9366493225098,76.1718673706055
1984-09-01,1984,9,8.28152847290039,147.613586425781
1984-10-01,1984,10,6.02841567993164,20.1507034301758
1984-11-01,1984,11,1.98294961452484,44.025333404541
1984-12-01,1984,12,-2.11370182037354,16.8684558868408
1985-01-01,1985,1,-8.31749725341797,40.1461296081543
1985-02-01,1985,2,-7.21829748153687,29.6275501251221
1985-03-01,1985,3,-1.49822735786438,56.3092422485352
1985-04-01,1985,4,2.50928449630737,57.8793334960938
1985-05-01,1985,5,9.50459384918213,88.6053619384766
1985-06-01,1985,6,9.25829696655273,86.0006561279297
1985-07-01,1985,7,14.1204557418823,73.1331787109375
1985-08-01,1985,8,12.7973604202271,169.381790161133
1985-09-01,1985,9,9.94974231719971,34.5134925842285
1985-10-01,1985,10,5.04967403411865,11.153790473938
1985-11-01,1985,11,-3.33244752883911,100.730377197266
1985-12-01,1985,12,0.217060685157776,35.3545951843262
1986-01-01,1986,1,-4.72040939331055,113.092620849609
1986-02-01,1986,2,-10.2051315307617,17.1947231292725
1986-03-01,1986,3,-1.61318504810333,59.9707450866699
1986-04-01,1986,4,3.39422678947449,49.5470161437988
1986-05-01,1986,5,10.5772018432617,111.331443786621
1986-06-01,1986,6,10.9090375900269,59.0622062683105
1986-07-01,1986,7,12.6161842346191,81.5675354003906
1986-08-01,1986,8,12.432297706604,82.5089645385742
1986-09-01,1986,9,8.20674610137939,13.3472890853882
1986-10-01,1986,10,5.55566501617432,87.1247329711914
1986-11-01,1986,11,1.71034824848175,25.9419803619385
1986-12-01,1986,12,-2.14565181732178,107.49568939209
1987-01-01,1987,1,-8.21826267242432,72.677619934082
1987-02-01,1987,2,-3.6134569644928,48.6566314697266
1987-03-01,1987,3,-6.31079816818237,63.43359375
1987-04-01,1987,4,4.07589244842529,27.5373477935791
1987-05-01,1987,5,5.79479932785034,125.135437011719
1987-06-01,1987,6,10.4571046829224,87.2221069335938
1987-07-01,1987,7,13.6532649993896,107.875991821289
1987-08-01,1987,8,11.4751892089844,52.4539604187012
1987-09-01,1987,9,12.0555381774902,80.3982849121094
1987-10-01,1987,10,4.65027379989624,20.6852149963379
1987-11-01,1987,11,0.487075001001358,60.0419578552246
1987-12-01,1987,12,-1.57244873046875,56.5747032165527
1988-01-01,1988,1,-0.500867664813995,60.1108818054199
1988-02-01,1988,2,-3.21036338806152,93.0874099731445
1988-03-01,1988,3,-2.49322485923767,140.366973876953
1988-04-01,1988,4,3.25366616249084,20.09055519104
1988-05-01,1988,5,9.04117584228516,50.607536315918
1988-06-01,1988,6,10.8515615463257,122.379081726074
1988-07-01,1988,7,13.5391483306885,110.346351623535
1988-08-01,1988,8,13.069730758667,94.2809677124023
1988-09-01,1988,9,8.97735500335693,43.9627380371094
1988-10-01,1988,10,6.6096305847168,32.279899597168
1988-11-01,1988,11,-1.81858158111572,55.9067573547363
1988-12-01,1988,12,-2.19608569145203,108.480911254883
1989-01-01,1989,1,-0.169746994972229,17.367561340332
1989-02-01,1989,2,0.342364072799683,34.8432884216309
1989-03-01,1989,3,3.02914357185364,24.1867542266846
1989-04-01,1989,4,3.38374090194702,85.8549194335938
1989-05-01,1989,5,8.71686458587646,42.4121971130371
1989-06-01,1989,6,10.1832695007324,85.5844039916992
1989-07-01,1989,7,13.6518993377686,120.751258850098
1989-08-01,1989,8,12.7345857620239,78.1602630615234
1989-09-01,1989,9,10.0496873855591,98.8414916992188
1989-10-01,1989,10,6.20034217834473,31.9038105010986
1989-11-01,1989,11,-0.625523447990417,35.2741737365723
1989-12-01,1989,12,-0.611390113830566,70.5735397338867
1990-01-01,1990,1,-2.40727424621582,28.1007118225098
1990-02-01,1990,2,0.752883434295654,109.871490478516
1990-03-01,1990,3,2.2306272983551,30.6628150939941
1990-04-01,1990,4,1.86797714233398,56.9323692321777
1990-05-01,1990,5,8.94382190704346,53.8342628479004
1990-06-01,1990,6,10.9471406936646,97.6727676391602
1990-07-01,1990,7,11.9195966720581,42.3820114135742
1990-08-01,1990,8,13.7034387588501,74.7413024902344
1990-09-01,1990,9,7.08938312530518,74.5832061767578
1990-10-01,1990,10,5.09237384796143,63.5306167602539
1990-11-01,1990,11,-0.386784076690674,92.0366744995117
1990-12-01,1990,12,-5.08432245254517,43.0206985473633
1991-01-01,1991,1,-3.39861822128296,28.2150936126709
1991-02-01,1991,2,-6.9426441192627,18.2648887634277
1991-03-01,1991,3,1.90733897686005,38.7533912658691
1991-04-01,1991,4,1.64732229709625,29.6234912872314
1991-05-01,1991,5,4.45398044586182,61.3657646179199
1991-06-01,1991,6,9.70479965209961,107.156135559082
1991-07-01,1991,7,14.0504312515259,118.554740905762
1991-08-01,1991,8,12.8918294906616,51.6153717041016
1991-09-01,1991,9,9.80444431304932,26.4382724761963
1991-10-01,1991,10,2.52501201629639,14.8781452178955
1991-11-01,1991,11,-0.643123626708984,72.0885162353516
1991-12-01,1991,12,-5.23989629745483,78.8119506835938
1992-01-01,1992,1,-2.72422766685486,20.5541572570801
1992-02-01,1992,2,-1.66975677013397,39.543701171875
1992-03-01,1992,3,-0.832025647163391,86.3998947143555
1992-04-01,1992,4,1.97525036334991,49.4036712646484
1992-05-01,1992,5,8.96947479248047,16.4041957855225
1992-06-01,1992,6,11.4375677108765,71.663948059082
1992-07-01,1992,7,14.3927021026611,63.3636054992676
1992-08-01,1992,8,16.4447822570801,48.2615966796875
1992-09-01,1992,9,9.24213314056396,62.8530082702637
1992-10-01,1992,10,2.84545636177063,133.217376708984
1992-11-01,1992,11,1.76598620414734,66.7493896484375
1992-12-01,1992,12,-3.28558993339539,36.6049613952637
1993-01-01,1993,1,-0.872388303279877,64.072868347168
1993-02-01,1993,2,-4.63304233551025,38.1545753479004
1993-03-01,1993,3,-2.20265507698059,27.3513507843018
1993-04-01,1993,4,4.37719678878784,21.5835189819336
1993-05-01,1993,5,9.8487377166748,75.6797027587891
1993-06-01,1993,6,11.2942733764648,101.498626708984
1993-07-01,1993,7,11.7604026794434,121.258209228516
1993-08-01,1993,8,12.2154598236084,60.8296928405762
1993-09-01,1993,9,8.16969108581543,67.8992385864258
1993-10-01,1993,10,3.9857804775238,70.2015228271484
1993-11-01,1993,11,-3.77876830101013,35.831787109375
1993-12-01,1993,12,-1.04289638996124,158.379821777344
1994-01-01,1994,1,-2.12323236465454,52.4004592895508
1994-02-01,1994,2,-4.71079015731812,17.3200607299805
1994-03-01,1994,3,2.36035585403442,74.3712310791016
1994-04-01,1994,4,2.27101469039917,55.8237686157227
1994-05-01,1994,5,7.88900804519653,43.4675903320312
1994-06-01,1994,6,11.8877229690552,45.0078506469727
1994-07-01,1994,7,15.8852128982544,75.0590286254883
1994-08-01,1994,8,13.6858949661255,78.213981628418
1994-09-01,1994,9,9.4035120010376,47.2087860107422
1994-10-01,1994,10,2.80086898803711,54.7923393249512
1994-11-01,1994,11,3.19335913658142,39.4522514343262
1994-12-01,1994,12,-1.33205783367157,94.0763778686523
1995-01-01,1995,1,-5.35671520233154,122.609901428223
1995-02-01,1995,2,0.444726258516312,35.4619140625
1995-03-01,1995,3,-2.24320149421692,110.93270111084
1995-04-01,1995,4,3.76141095161438,55.1457099914551
1995-05-01,1995,5,7.92614793777466,82.3545761108398
1995-06-01,1995,6,9.21420383453369,147.231094360352
1995-07-01,1995,7,15.2168426513672,141.91032409668
1995-08-01,1995,8,11.8786516189575,111.216957092285
1995-09-01,1995,9,7.30280685424805,104.096519470215
1995-10-01,1995,10,6.97616386413574,17.5899505615234
1995-11-01,1995,11,-2.24225735664368,72.2963409423828
1995-12-01,1995,12,-5.55773258209229,69.6974334716797
1996-01-01,1996,1,-6.19742584228516,27.8434715270996
1996-02-01,1996,2,-6.86453294754028,31.7892780303955
1996-03-01,1996,3,-5.07310009002686,32.4822769165039
1996-04-01,1996,4,2.81640553474426,53.9520606994629
1996-05-01,1996,5,7.85299205780029,123.725433349609
1996-06-01,1996,6,11.7529268264771,107.921615600586
1996-07-01,1996,7,10.6893796920776,111.428916931152
1996-08-01,1996,8,11.2216472625732,101.355125427246
1996-09-01,1996,9,5.36026477813721,66.1940612792969
1996-10-01,1996,10,4.86962985992432,85.3109893798828
1996-11-01,1996,11,0.0933646261692047,64.611213684082
1996-12-01,1996,12,-7.16585540771484,33.0593681335449
1997-01-01,1997,1,-5.24962663650513,9.7620849609375
1997-02-01,1997,2,-0.4166659116745,71.3880920410156
1997-03-01,1997,3,1.04824829101562,68.766960144043
1997-04-01,1997,4,-0.0410626605153084,74.9893417358398
1997-05-01,1997,5,8.60105037689209,52.399284362793
1997-06-01,1997,6,11.0847654342651,71.1171722412109
1997-07-01,1997,7,11.9184827804565,168.032531738281
1997-08-01,1997,8,13.4740934371948,69.5827484130859
1997-09-01,1997,9,9.01651763916016,30.264575958252
1997-10-01,1997,10,2.37053990364075,74.0553894042969
1997-11-01,1997,11,-0.441752582788467,40.564868927002
1997-12-01,1997,12,-1.62803936004639,65.4773101806641
1998-01-01,1998,1,-2.16168928146362,44.8589210510254
1998-02-01,1998,2,-0.0640905946493149,18.0945682525635
1998-03-01,1998,3,-0.766825795173645,79.4408493041992
1998-04-01,1998,4,4.09880399703979,26.0743045806885
1998-05-01,1998,5,8.90878200531006,72.503288269043
1998-06-01,1998,6,12.2751245498657,117.570960998535
1998-07-01,1998,7,12.3927087783813,72.0461654663086
1998-08-01,1998,8,13.0241632461548,45.7232131958008
1998-09-01,1998,9,8.59285259246826,90.4815444946289
1998-10-01,1998,10,5.28925943374634,133.381118774414
1998-11-01,1998,11,-3.06854271888733,68.8684997558594
1998-12-01,1998,12,-3.38834023475647,35.1444549560547
1999-01-01,1999,1,-1.89378345012665,62.7715644836426
1999-02-01,1999,2,-5.21566152572632,97.7425689697266
1999-03-01,1999,3,0.588028013706207,28.8668212890625
1999-04-01,1999,4,3.3766131401062,33.9308090209961
1999-05-01,1999,5,9.21334838867188,85.6248245239258
1999-06-01,1999,6,11.1447954177856,64.1965942382812
1999-07-01,1999,7,14.2401428222656,165.623825073242
1999-08-01,1999,8,12.7170972824097,67.5440063476562
1999-09-01,1999,9,11.3505802154541,62.2587242126465
1999-10-01,1999,10,3.96307373046875,14.5228319168091
1999-11-01,1999,11,-1.70960962772369,54.2814636230469
1999-12-01,1999,12,-3.78824067115784,94.5253601074219
2000-01-01,2000,1,-5.43744087219238,55.6328506469727
2000-02-01,2000,2,-1.50527858734131,52.2420196533203
2000-03-01,2000,3,-0.242348685860634,153.759078979492
2000-04-01,2000,4,5.02466773986816,22.7534427642822
2000-05-01,2000,5,10.0465021133423,82.157112121582
2000-06-01,2000,6,13.310998916626,63.0867767333984
2000-07-01,2000,7,11.0270185470581,102.03702545166
2000-08-01,2000,8,13.927227973938,56.878288269043
2000-09-01,2000,9,9.20310211181641,43.8526191711426
2000-10-01,2000,10,6.64084672927856,80.3611068725586
2000-11-01,2000,11,1.04708802700043,40.380443572998
2000-12-01,2000,12,-1.21486508846283,33.6143417358398
2001-01-01,2001,1,-4.28706407546997,36.9134368896484
2001-02-01,2001,2,-2.18313002586365,37.7265014648438
2001-03-01,2001,3,0.674740672111511,81.5172500610352
2001-04-01,2001,4,2.0595121383667,86.4450531005859
2001-05-01,2001,5,10.293514251709,50.7073097229004
2001-06-01,2001,6,9.97020149230957,96.1687622070312
2001-07-01,2001,7,13.7832870483398,74.7834930419922
2001-08-01,2001,8,14.0224981307983,143.489288330078
2001-09-01,2001,9,6.60377264022827,60.7625846862793
2001-10-01,2001,10,8.57662487030029,25.1936798095703
2001-11-01,2001,11,-1.32458901405334,70.9693298339844
2001-12-01,2001,12,-5.919762134552,112.72437286377
2002-01-01,2002,1,-3.24045777320862,27.6842994689941
2002-02-01,2002,2,0.223762571811676,110.564247131348
2002-03-01,2002,3,0.130039542913437,91.0066604614258
2002-04-01,2002,4,2.77807283401489,45.4324073791504
2002-05-01,2002,5,10.0052795410156,63.0108871459961
2002-06-01,2002,6,14.408034324646,113.554054260254
2002-07-01,2002,7,13.5239849090576,118.723190307617
2002-08-01,2002,8,13.1712369918823,378.076110839844
2002-09-01,2002,9,7.25833511352539,118.81649017334
2002-10-01,2002,10,4.42412424087524,120.945297241211
2002-11-01,2002,11,0.935030341148376,69.2615051269531
2002-12-01,2002,12,-1.72591602802277,57.0322418212891
2003-01-01,2003,1,-4.22455024719238,105.435134887695
2003-02-01,2003,2,-7.21753644943237,29.1766529083252
2003-03-01,2003,3,0.221175700426102,28.9073123931885
2003-04-01,2003,4,2.53502416610718,23.9614944458008
2003-05-01,2003,5,10.1835403442383,71.0536956787109
2003-06-01,2003,6,15.7880954742432,116.49560546875
2003-07-01,2003,7,14.8470373153687,90.6137924194336
2003-08-01,2003,8,16.3500308990479,28.8830738067627
2003-09-01,2003,9,8.72962379455566,19.9264106750488
2003-10-01,2003,10,0.594914495944977,99.9170379638672
2003-11-01,2003,11,1.28336298465729,16.9463329315186
2003-12-01,2003,12,-3.18956232070923,64.5073394775391
2004-01-01,2004,1,-5.65376138687134,89.6377182006836
2004-02-01,2004,2,-2.54579663276672,78.4815292358398
2004-03-01,2004,3,-2.02022933959961,84.3446044921875
2004-04-01,2004,4,3.65522718429565,52.8642692565918
2004-05-01,2004,5,6.43457412719727,81.2238311767578
2004-06-01,2004,6,10.9771976470947,147.126220703125
2004-07-01,2004,7,12.71226978302,78.0359573364258
2004-08-01,2004,8,13.675708770752,55.4721565246582
2004-09-01,2004,9,8.77155017852783,56.8603019714355
2004-10-01,2004,10,5.5976939201355,56.2149353027344
2004-11-01,2004,11,-0.537859082221985,86.5281143188477
2004-12-01,2004,12,-3.29692721366882,20.8082714080811
2005-01-01,2005,1,-3.40714907646179,89.3807907104492
2005-02-01,2005,2,-7.29584121704102,107.814682006836
2005-03-01,2005,3,-2.37711143493652,55.0915489196777
2005-04-01,2005,4,4.18931531906128,66.8506011962891
2005-05-01,2005,5,8.50947189331055,75.1676940917969
2005-06-01,2005,6,12.5712118148804,88.4239044189453
2005-07-01,2005,7,13.8647632598877,182.2978515625
2005-08-01,2005,8,11.3216609954834,185.665939331055
2005-09-01,2005,9,9.82131004333496,105.238830566406
2005-10-01,2005,10,5.80746507644653,22.8368110656738
2005-11-01,2005,11,-1.34480285644531,42.9377136230469
2005-12-01,2005,12,-5.0840950012207,45.5891532897949
2006-01-01,2006,1,-7.22933626174927,89.7305221557617
2006-02-01,2006,2,-5.52323436737061,70.5271072387695
2006-03-01,2006,3,-2.97090768814087,111.157669067383
2006-04-01,2006,4,3.21998190879822,119.377311706543
2006-05-01,2006,5,8.15573596954346,90.8494491577148
2006-06-01,2006,6,12.6480169296265,121.956283569336
2006-07-01,2006,7,15.9008474349976,163.648391723633
2006-08-01,2006,8,10.4552783966064,140.107879638672
2006-09-01,2006,9,11.3689432144165,13.9179639816284
2006-10-01,2006,10,7.19488763809204,17.9229755401611
2006-11-01,2006,11,1.93458163738251,52.4875640869141
2006-12-01,2006,12,-0.293522596359253,26.4042224884033
2007-01-01,2007,1,-0.757723331451416,124.395904541016
2007-02-01,2007,2,0.0277809202671051,42.4505157470703
2007-03-01,2007,3,0.965419352054596,88.6125564575195
2007-04-01,2007,4,6.27598237991333,4.95804977416992
2007-05-01,2007,5,9.62892913818359,123.0224609375
2007-06-01,2007,6,13.0865831375122,74.0749053955078
2007-07-01,2007,7,13.4592170715332,87.8691787719727
2007-08-01,2007,8,12.1282358169556,78.0448150634766
2007-09-01,2007,9,7.26639366149902,155.099655151367
2007-10-01,2007,10,3.63182497024536,75.7861404418945
2007-11-01,2007,11,-1.86643528938293,108.855255126953
2007-12-01,2007,12,-3.19614577293396,80.2147521972656
2008-01-01,2008,1,-1.15829527378082,23.8976955413818
2008-02-01,2008,2,-0.950782120227814,43.3286628723145
2008-03-01,2008,3,-1.00858211517334,92.3255310058594
2008-04-01,2008,4,3.07554745674133,107.883834838867
2008-05-01,2008,5,9.79549121856689,68.4205856323242
2008-06-01,2008,6,12.9747371673584,89.3905792236328
2008-07-01,2008,7,13.11403465271,103.464561462402
2008-08-01,2008,8,12.7309951782227,87.2976531982422
2008-09-01,2008,9,7.28113222122192,83.3914794921875
2008-10-01,2008,10,4.98000144958496,37.8507499694824
2008-11-01,2008,11,0.322300046682358,47.7534675598145
2008-12-01,2008,12,-3.17430710792542,38.6393432617188
2009-01-01,2009,1,-5.94114923477173,20.4647312164307
2009-02-01,2009,2,-4.20124340057373,85.8757858276367
2009-03-01,2009,3,-0.87266218662262,99.9364852905273
2009-04-01,2009,4,7.15238761901855,36.2367401123047
2009-05-01,2009,5,8.9761266708374,124.158355712891
2009-06-01,2009,6,10.9865655899048,294.99072265625
2009-07-01,2009,7,13.2885208129883,128.906631469727
2009-08-01,2009,8,13.8777465820312,94.679931640625
2009-09-01,2009,9,10.1215381622314,40.4112777709961
2009-10-01,2009,10,3.56298732757568,81.5229263305664
2009-11-01,2009,11,3.01933455467224,39.4749374389648
2009-12-01,2009,12,-3.66384935379028,61.1036643981934
2010-01-01,2010,1,-7.56644821166992,53.7240600585938
2010-02-01,2010,2,-4.68516302108765,36.242374420166
2010-03-01,2010,3,-1.6459014415741,55.3020401000977
2010-04-01,2010,4,3.60298347473145,52.9567718505859
2010-05-01,2010,5,7.19991159439087,122.05281829834
2010-06-01,2010,6,11.8977890014648,131.297760009766
2010-07-01,2010,7,15.4784030914307,159.932022094727
2010-08-01,2010,8,12.5063362121582,111.255851745605
2010-09-01,2010,9,7.02207183837891,58.2285003662109
2010-10-01,2010,10,2.95852375030518,20.4027194976807
2010-11-01,2010,11,0.864895403385162,53.5597534179688
2010-12-01,2010,12,-6.88456726074219,76.2846908569336
2011-01-01,2011,1,-3.63478422164917,44.2007331848145
2011-02-01,2011,2,-4.2466516494751,21.0460720062256
2011-03-01,2011,3,0.171999126672745,34.7419776916504
2011-04-01,2011,4,6.06389951705933,34.3857612609863
2011-05-01,2011,5,9.01827335357666,118.634902954102
2011-06-01,2011,6,12.0987033843994,85.3271865844727
2011-07-01,2011,7,11.6707620620728,141.068145751953
2011-08-01,2011,8,13.6790637969971,55.7285537719727
2011-09-01,2011,9,10.8550424575806,51.1875953674316
2011-10-01,2011,10,4.52058935165405,61.9108047485352
2011-11-01,2011,11,1.11892569065094,1.38928627967834
2011-12-01,2011,12,-1.18427228927612,102.271064758301
2012-01-01,2012,1,-3.5178120136261,110.073783874512
2012-02-01,2012,2,-8.58561420440674,30.8285751342773
2012-03-01,2012,3,1.78697776794434,7.38586187362671
2012-04-01,2012,4,3.54123973846436,77.7047119140625
2012-05-01,2012,5,9.70564079284668,36.4541511535645
2012-06-01,2012,6,12.5710296630859,146.641342163086
2012-07-01,2012,7,13.8073062896729,107.266075134277
2012-08-01,2012,8,13.7689847946167,128.491760253906
2012-09-01,2012,9,9.27695178985596,56.6716537475586
2012-10-01,2012,10,4.23220539093018,52.1396331787109
2012-11-01,2012,11,0.63904732465744,36.723445892334
2012-12-01,2012,12,-2.54218578338623,66.1168670654297
2013-01-01,2013,1,-3.79180788993835,79.6986541748047
2013-02-01,2013,2,-5.42241525650024,61.9007682800293
2013-03-01,2013,3,-4.39152860641479,40.2623291015625
2013-04-01,2013,4,3.92460536956787,39.9856719970703
2013-05-01,2013,5,7.21825885772705,140.784866333008
2013-06-01,2013,6,11.4705276489258,223.88737487793
2013-07-01,2013,7,15.6954565048218,33.8275718688965
2013-08-01,2013,8,13.302375793457,118.129051208496
2013-09-01,2013,9,8.42364501953125,42.1544342041016
2013-10-01,2013,10,5.4573712348938,46.7738914489746
2013-11-01,2013,11,0.452782660722733,44.1782379150391
2013-12-01,2013,12,-0.57688981294632,25.6598224639893
2014-01-01,2014,1,-1.03058624267578,18.5416488647461
2014-02-01,2014,2,-0.775918424129486,5.81052160263062
2014-03-01,2014,3,2.04054951667786,29.909610748291
2014-04-01,2014,4,5.3570294380188,48.125186920166
2014-05-01,2014,5,7.46706342697144,144.269348144531
2014-06-01,2014,6,11.9419364929199,38.309024810791
2014-07-01,2014,7,14.5653896331787,180.088882446289
2014-08-01,2014,8,11.3421993255615,99.1514358520508
2014-09-01,2014,9,10.1147489547729,94.7148895263672
2014-10-01,2014,10,7.23082304000854,62.5960884094238
2014-11-01,2014,11,2.70945310592651,15.2625980377197
2014-12-01,2014,12,-1.62130355834961,49.4115524291992
2015-01-01,2015,1,-2.10705804824829,60.7393531799316
2015-02-01,2015,2,-3.83742141723633,8.63774490356445
2015-03-01,2015,3,-0.161273121833801,73.2569580078125
2015-04-01,2015,4,3.7765634059906,60.3863296508789
2015-05-01,2015,5,8.61776638031006,92.3933181762695
2015-06-01,2015,6,12.1792583465576,60.5447044372559
2015-07-01,2015,7,16.2536487579346,43.6022109985352
2015-08-01,2015,8,16.6322498321533,23.517993927002
2015-09-01,2015,9,8.24120426177979,39.7200775146484
2015-10-01,2015,10,4.39144802093506,55.7813987731934
2015-11-01,2015,11,3.26104617118835,85.4342575073242
2015-12-01,2015,12,1.6715395450592,11.0951557159424
2016-01-01,2016,1,-2.96733617782593,73.1902160644531
2016-02-01,2016,2,-0.870696544647217,77.2060928344727
2016-03-01,2016,3,-0.736495614051819,37.7346458435059
2016-04-01,2016,4,3.5518753528595,52.721508026123
2016-05-01,2016,5,8.64291095733643,89.9126815795898
2016-06-01,2016,6,12.5759830474854,109.228607177734
2016-07-01,2016,7,14.6118698120117,151.879379272461
2016-08-01,2016,8,12.9316577911377,48.1896171569824
2016-09-01,2016,9,11.2940969467163,65.2442626953125
2016-10-01,2016,10,3.88119077682495,89.6891860961914
2016-11-01,2016,11,-0.515170454978943,46.5396385192871
2016-12-01,2016,12,-2.03998589515686,26.6538619995117
2017-01-01,2017,1,-7.14771366119385,52.6793823242188
2017-02-01,2017,2,-0.722323060035706,23.1181735992432
2017-03-01,2017,3,1.83923137187958,48.1992950439453
2017-04-01,2017,4,2.42295241355896,111.055961608887
2017-05-01,2017,5,9.53196907043457,54.2326202392578
2017-06-01,2017,6,14.4636831283569,52.1733131408691
2017-07-01,2017,7,14.4578018188477,77.6134490966797
2017-08-01,2017,8,14.3725614547729,117.657356262207
2017-09-01,2017,9,7.33344125747681,55.3176460266113
2017-10-01,2017,10,6.18171405792236,52.2529792785645
2017-11-01,2017,11,0.399846732616425,48.9085884094238
2017-12-01,2017,12,-2.82721138000488,61.3271827697754
2018-01-01,2018,1,-0.748268485069275,89.7202301025391
2018-02-01,2018,2,-7.59036159515381,21.5692005157471
2018-03-01,2018,3,-2.58351945877075,27.8022270202637
2018-04-01,2018,4,8.47808742523193,16.1999607086182
2018-05-01,2018,5,11.1378707885742,86.0051193237305
2018-06-01,2018,6,13.088059425354,193.216766357422
2018-07-01,2018,7,14.5767869949341,48.8247566223145
2018-08-01,2018,8,14.7182273864746,73.1936569213867
2018-09-01,2018,9,9.81614589691162,82.6821212768555
2018-10-01,2018,10,5.81227588653564,39.7628479003906
2018-11-01,2018,11,0.608211398124695,48.2363319396973
2018-12-01,2018,12,-1.43252778053284,102.210227966309
2019-01-01,2019,1,-5.45972442626953,88.8157958984375
2019-02-01,2019,2,-1.5488578081131,45.7628517150879
2019-03-01,2019,3,1.37136220932007,76.0985488891602
2019-04-01,2019,4,4.7697548866272,15.7527923583984
2019-05-01,2019,5,6.22868299484253,101.592041015625
2019-06-01,2019,6,15.6129379272461,121.518852233887
2019-07-01,2019,7,14.9264488220215,58.1684875488281
2019-08-01,2019,8,13.9960498809814,69.5377044677734
2019-09-01,2019,9,8.94824409484863,37.8418960571289
2019-10-01,2019,10,6.23706483840942,47.0911407470703
2019-11-01,2019,11,0.25673371553421,39.1134986877441
2019-12-01,2019,12,-1.42795622348785,45.6484642028809
2020-01-01,2020,1,-1.45112681388855,33.8755493164062
2020-02-01,2020,2,-0.268840968608856,100.944435119629
2020-03-01,2020,3,-0.98952054977417,32.8804359436035
2020-04-01,2020,4,4.71720409393311,29.265552520752
2020-05-01,2020,5,6.44102811813354,90.4243927001953
2020-06-01,2020,6,11.8063430786133,152.113830566406
2020-07-01,2020,7,12.6302709579468,92.0319366455078
2020-08-01,2020,8,14.0324144363403,177.837036132812
2020-09-01,2020,9,9.37999439239502,55.6455345153809
2020-10-01,2020,10,4.77013778686523,65.2482757568359
2020-11-01,2020,11,1.26633906364441,22.124942779541
2020-12-01,2020,12,-1.78758680820465,29.0919075012207
